1 2 10 
0.000000 0.019350 0.060287 0.127681 0.132982 0.069827 0.304416 0.255168 0.030129 0.000160 0.000000 0.000000 0.000000 0.000000 0.000000 0.000000 0.000000 0.000000 
0.000000 0.019350 0.060287 0.127681 0.132982 0.069827 0.304416 0.255168 0.030129 0.000160 0.000000 0.000000 0.000000 0.000000 0.000000 0.000000 0.000000 0.000000 
3 6 12 
0.000000 0.074665 0.188765 0.120804 0.293366 0.284625 0.037674 0.000100 0.000000 0.000000 0.000000 0.000000 0.000000 0.000000 0.000000 
0.000000 0.000000 0.001445 0.008154 0.023251 0.046990 0.068934 0.107320 0.162578 0.150342 0.150727 0.167816 0.092961 0.018266 0.001206 0.000009 0.000000 0.000000 0.000000 0.000000 0.000000 0.000000 0.000000 0.000000 0.000000 0.000000 0.000000 0.000000 0.000000 0.000000 0.000000 0.000000 
4 8 9 
0.000000 0.095758 0.269141 0.084294 0.259073 0.216232 0.075164 0.000270 0.000067 0.000000 0.000000 0.000000 0.000000 0.000000 0.000000 0.000000 
0.000000 0.000000 0.000000 0.000138 0.001170 0.004543 0.011819 0.023633 0.040686 0.068078 0.096969 0.114849 0.139831 0.148966 0.124727 0.100288 0.073617 0.037602 0.011306 0.001673 0.000104 0.000002 0.000000 0.000000 0.000000 0.000000 0.000000 0.000000 0.000000 0.000000 0.000000 0.000000 0.000000 0.000000 0.000000 0.000000 0.000000 0.000000 0.000000 0.000000 0.000000 0.000000 0.000000 0.000000 0.000000 0.000000 0.000000 
5 7 11 
0.000000 0.243265 0.147978 0.277950 0.168236 0.138333 0.024046 0.000192 0.000000 0.000000 0.000000 0.000000 0.000000 0.000000 0.000000 0.000000 
0.000000 0.000000 0.000000 0.000000 0.000034 0.000305 0.001317 0.003896 0.008977 0.017609 0.031795 0.050692 0.071610 0.095616 0.115567 0.125632 0.126015 0.114602 0.092891 0.066511 0.041817 0.022360 0.009374 0.002793 0.000529 0.000057 0.000003 0.000000 0.000000 0.000000 0.000000 0.000000 0.000000 0.000000 0.000000 0.000000 0.000000 0.000000 0.000000 0.000000 0.000000 0.000000 0.000000 0.000000 0.000000 0.000000 0.000000 0.000000 0.000000 0.000000 0.000000 0.000000 0.000000 0.000000 0.000000 0.000000 0.000000 0.000000 0.000000 0.000000 0.000000 0.000000 
