0.000000 0.269554 0.179703 0.179703 0.090041 0.070297 0.140215 0.070297 0.000190 0.000000 0.000000 0.000000 0.000000 0.000000 0.000000 0.000000 
0.000000 0.269554 0.179703 0.179703 0.090041 0.070297 0.140215 0.070297 0.000190 0.000000 0.000000 0.000000 0.000000 0.000000 0.000000 0.000000 
0.000000 0.118682 0.174390 0.143090 0.136638 0.133100 0.145726 0.118396 0.029818 0.000160 0.000000 0.000000 0.000000 0.000000 0.000000 0.000000 0.000000 0.000000 
0.000000 0.000000 0.031991 0.068335 0.091236 0.104569 0.110191 0.129538 0.137177 0.109436 0.078406 0.054587 0.040852 0.028981 0.012543 0.002141 0.000017 0.000000 0.000000 0.000000 0.000000 0.000000 0.000000 0.000000 0.000000 0.000000 0.000000 0.000000 0.000000 0.000000 0.000000 0.000000 0.000000 
0.000000 0.009231 0.068964 0.069469 0.210667 0.214925 0.306164 0.120179 0.000401 0.000000 0.000000 0.000000 0.000000 0.000000 0.000000 0.000000 
0.000000 0.000000 0.000000 0.000295 0.002837 0.007777 0.018744 0.035838 0.059761 0.084259 0.101316 0.111780 0.116593 0.115070 0.104526 0.083347 0.060448 0.042084 0.028120 0.016952 0.007803 0.002178 0.000268 0.000003 0.000000 0.000000 0.000000 0.000000 0.000000 0.000000 0.000000 0.000000 0.000000 0.000000 0.000000 0.000000 0.000000 0.000000 0.000000 0.000000 0.000000 0.000000 0.000000 0.000000 0.000000 0.000000 0.000000 0.000000 
0.000000 0.163227 0.245125 0.148347 0.189019 0.182860 0.071103 0.000255 0.000064 0.000000 0.000000 0.000000 0.000000 0.000000 0.000000 0.000000 
0.000000 0.000000 0.000000 0.000000 0.000048 0.000535 0.002009 0.005443 0.012188 0.023330 0.038886 0.056812 0.074764 0.090869 0.102762 0.108228 0.106004 0.096853 0.083175 0.066959 0.050039 0.034569 0.022120 0.013095 0.006978 0.003094 0.001010 0.000207 0.000021 0.000000 0.000000 0.000000 0.000000 0.000000 0.000000 0.000000 0.000000 0.000000 0.000000 0.000000 0.000000 0.000000 0.000000 0.000000 0.000000 0.000000 0.000000 0.000000 0.000000 0.000000 0.000000 0.000000 0.000000 0.000000 0.000000 0.000000 0.000000 0.000000 0.000000 0.000000 0.000000 0.000000 0.000000 
0.000000 0.727184 0.204381 0.068434 0.000000 0.000000 0.000000 0.000000 0.000000 0.000000 0.000000 0.000000 
0.000000 0.000000 0.000000 0.000000 0.000000 0.000035 0.000399 0.001573 0.004405 0.010113 0.019829 0.033879 0.050857 0.068640 0.085247 0.098416 0.105923 0.106237 0.099502 0.087533 0.072319 0.055765 0.039947 0.026575 0.016409 0.009264 0.004572 0.001845 0.000569 0.000127 0.000019 0.000002 0.000000 0.000000 0.000000 0.000000 0.000000 0.000000 0.000000 0.000000 0.000000 0.000000 0.000000 0.000000 0.000000 0.000000 0.000000 0.000000 0.000000 0.000000 0.000000 0.000000 0.000000 0.000000 0.000000 0.000000 0.000000 0.000000 0.000000 0.000000 0.000000 0.000000 0.000000 0.000000 0.000000 0.000000 0.000000 0.000000 0.000000 0.000000 0.000000 0.000000 0.000000 0.000000 
